   0.0000000e+00   1.0000000e+00   0.0000000e+00
   0.0000000e+00   9.9996287e-01   8.8524958e-03
   0.0000000e+00   9.9992573e-01   1.7704992e-02
   0.0000000e+00   9.9988860e-01   2.6557487e-02
   0.0000000e+00   9.9985147e-01   3.5409983e-02
   0.0000000e+00   9.9981433e-01   4.4262476e-02
   0.0000000e+00   9.9977720e-01   5.3114973e-02
   0.0000000e+00   9.9974006e-01   6.1967470e-02
   0.0000000e+00   9.9970293e-01   7.0819966e-02
   0.0000000e+00   9.9966580e-01   7.9672456e-02
   0.0000000e+00   9.9962866e-01   8.8524953e-02
   0.0000000e+00   9.9959153e-01   9.7377449e-02
   0.0000000e+00   9.9955440e-01   1.0622995e-01
   0.0000000e+00   9.9951720e-01   1.1508244e-01
   0.0000000e+00   9.9948007e-01   1.2393494e-01
   0.0000000e+00   9.9944293e-01   1.3278744e-01
   0.0000000e+00   9.9940580e-01   1.4163993e-01
   0.0000000e+00   9.9936867e-01   1.5049243e-01
   0.0000000e+00   9.9933153e-01   1.5934491e-01
   0.0000000e+00   9.9929440e-01   1.6819741e-01
   0.0000000e+00   9.9925727e-01   1.7704991e-01
   0.0000000e+00   9.9922013e-01   1.8590240e-01
   0.0000000e+00   9.9918300e-01   1.9475490e-01
   0.0000000e+00   9.9914587e-01   2.0360740e-01
   0.0000000e+00   9.9910873e-01   2.1245989e-01
   0.0000000e+00   9.9907160e-01   2.2131239e-01
   0.0000000e+00   9.9903446e-01   2.3016489e-01
   0.0000000e+00   9.9899733e-01   2.3901738e-01
   0.0000000e+00   9.9896020e-01   2.4786988e-01
   0.0000000e+00   9.9892306e-01   2.5672236e-01
   0.0000000e+00   9.9888593e-01   2.6557487e-01
   0.0000000e+00   9.9884880e-01   2.7442735e-01
   0.0000000e+00   9.9881166e-01   2.8327987e-01
   0.0000000e+00   9.9877453e-01   2.9213235e-01
   0.0000000e+00   9.9873739e-01   3.0098486e-01
   0.0000000e+00   9.9870026e-01   3.0983734e-01
   0.0000000e+00   9.9866307e-01   3.1868982e-01
   0.0000000e+00   9.9862593e-01   3.2754233e-01
   0.0000000e+00   9.9858880e-01   3.3639482e-01
   0.0000000e+00   9.9855167e-01   3.4524733e-01
   0.0000000e+00   9.9851453e-01   3.5409981e-01
   0.0000000e+00   9.9847740e-01   3.6295232e-01
   0.0000000e+00   9.9844027e-01   3.7180480e-01
   0.0000000e+00   9.9840313e-01   3.8065732e-01
   0.0000000e+00   9.9836600e-01   3.8950980e-01
   0.0000000e+00   9.9832886e-01   3.9836231e-01
   0.0000000e+00   9.9829173e-01   4.0721479e-01
   0.0000000e+00   9.9825460e-01   4.1606730e-01
   0.0000000e+00   9.9821746e-01   4.2491978e-01
   0.0000000e+00   9.9818033e-01   4.3377227e-01
   0.0000000e+00   9.9814320e-01   4.4262478e-01
   0.0000000e+00   9.9810606e-01   4.5147726e-01
   0.0000000e+00   9.9806893e-01   4.6032977e-01
   0.0000000e+00   9.9803180e-01   4.6918225e-01
   0.0000000e+00   9.9799466e-01   4.7803476e-01
   0.0000000e+00   9.9795753e-01   4.8688725e-01
   0.0000000e+00   9.9792039e-01   4.9573976e-01
   0.0000000e+00   9.9788326e-01   5.0459224e-01
   0.0000000e+00   9.9784613e-01   5.1344472e-01
   0.0000000e+00   9.9780899e-01   5.2229726e-01
   0.0000000e+00   9.9777186e-01   5.3114974e-01
   0.0000000e+00   9.9773467e-01   5.4000223e-01
   0.0000000e+00   9.9769753e-01   5.4885471e-01
   0.0000000e+00   9.9766040e-01   5.5770719e-01
   0.0000000e+00   9.9762326e-01   5.6655973e-01
   0.0000000e+00   9.9758613e-01   5.7541221e-01
   0.0000000e+00   9.9754900e-01   5.8426470e-01
   0.0000000e+00   9.9751186e-01   5.9311718e-01
   0.0000000e+00   9.9747473e-01   6.0196972e-01
   0.0000000e+00   9.9743760e-01   6.1082220e-01
   0.0000000e+00   9.9740046e-01   6.1967468e-01
   0.0000000e+00   9.9736333e-01   6.2852716e-01
   0.0000000e+00   9.9732620e-01   6.3737965e-01
   0.0000000e+00   9.9728906e-01   6.4623219e-01
   0.0000000e+00   9.9725193e-01   6.5508467e-01
   0.0000000e+00   9.9721479e-01   6.6393715e-01
   0.0000000e+00   9.9717766e-01   6.7278963e-01
   0.0000000e+00   9.9714053e-01   6.8164217e-01
   0.0000000e+00   9.9710339e-01   6.9049466e-01
   0.0000000e+00   9.9706626e-01   6.9934714e-01
   0.0000000e+00   9.9702913e-01   7.0819962e-01
   0.0000000e+00   9.9699199e-01   7.1705216e-01
   0.0000000e+00   9.9695486e-01   7.2590464e-01
   0.0000000e+00   9.9691772e-01   7.3475713e-01
   0.0000000e+00   9.9688053e-01   7.4360961e-01
   0.0000000e+00   9.9684340e-01   7.5246209e-01
   0.0000000e+00   9.9680626e-01   7.6131463e-01
   0.0000000e+00   9.9676913e-01   7.7016711e-01
   0.0000000e+00   9.9673200e-01   7.7901959e-01
   0.0000000e+00   9.9669486e-01   7.8787208e-01
   0.0000000e+00   9.9665773e-01   7.9672462e-01
   0.0000000e+00   9.9662060e-01   8.0557710e-01
   0.0000000e+00   9.9658346e-01   8.1442958e-01
   0.0000000e+00   9.9654633e-01   8.2328206e-01
   0.0000000e+00   9.9650919e-01   8.3213460e-01
   0.0000000e+00   9.9647206e-01   8.4098709e-01
   0.0000000e+00   9.9643493e-01   8.4983957e-01
   0.0000000e+00   9.9417007e-01   8.5160619e-01
   0.0000000e+00   9.9190521e-01   8.5337275e-01
   0.0000000e+00   9.8964036e-01   8.5513937e-01
   0.0000000e+00   9.8737550e-01   8.5690594e-01
   0.0000000e+00   9.8511064e-01   8.5867256e-01
   0.0000000e+00   9.8284572e-01   8.6043912e-01
   0.0000000e+00   9.8058087e-01   8.6220574e-01
   0.0000000e+00   9.7831601e-01   8.6397231e-01
   0.0000000e+00   9.7605115e-01   8.6573893e-01
   0.0000000e+00   9.7378629e-01   8.6750549e-01
   0.0000000e+00   9.7152144e-01   8.6927211e-01
   0.0000000e+00   9.6925658e-01   8.7103868e-01
   0.0000000e+00   9.6699172e-01   8.7280530e-01
   0.0000000e+00   9.6472687e-01   8.7457186e-01
   0.0000000e+00   9.6246201e-01   8.7633848e-01
   0.0000000e+00   9.6019709e-01   8.7810504e-01
   0.0000000e+00   9.5793223e-01   8.7987167e-01
   0.0000000e+00   9.5566738e-01   8.8163823e-01
   0.0000000e+00   9.5340252e-01   8.8340485e-01
   0.0000000e+00   9.5113766e-01   8.8517141e-01
   0.0000000e+00   9.4887280e-01   8.8693804e-01
   0.0000000e+00   9.4660795e-01   8.8870460e-01
   0.0000000e+00   9.4434309e-01   8.9047122e-01
   0.0000000e+00   9.4207823e-01   8.9223778e-01
   0.0000000e+00   9.3981338e-01   8.9400440e-01
   0.0000000e+00   9.3754852e-01   8.9577097e-01
   0.0000000e+00   9.3528360e-01   8.9753759e-01
   0.0000000e+00   9.3301874e-01   8.9930415e-01
   0.0000000e+00   9.3075389e-01   9.0107077e-01
   0.0000000e+00   9.2848903e-01   9.0283740e-01
   0.0000000e+00   9.2622417e-01   9.0460396e-01
   0.0000000e+00   9.2395931e-01   9.0637058e-01
   0.0000000e+00   9.2169446e-01   9.0813714e-01
   0.0000000e+00   9.1942960e-01   9.0990376e-01
   0.0000000e+00   9.1716474e-01   9.1167033e-01
   0.0000000e+00   9.1489989e-01   9.1343695e-01
   0.0000000e+00   9.1263503e-01   9.1520351e-01
   0.0000000e+00   9.1037011e-01   9.1697013e-01
   0.0000000e+00   9.0810525e-01   9.1873670e-01
   0.0000000e+00   9.0584040e-01   9.2050332e-01
   0.0000000e+00   9.0357554e-01   9.2226988e-01
   0.0000000e+00   9.0131068e-01   9.2403650e-01
   0.0000000e+00   8.9904583e-01   9.2580307e-01
   0.0000000e+00   8.9678097e-01   9.2756969e-01
   0.0000000e+00   8.9451611e-01   9.2933625e-01
   0.0000000e+00   8.9225125e-01   9.3110287e-01
   0.0000000e+00   8.8998640e-01   9.3286943e-01
   0.0000000e+00   8.8772148e-01   9.3463606e-01
   0.0000000e+00   8.8545662e-01   9.3640262e-01
   0.0000000e+00   8.8319176e-01   9.3816924e-01
   0.0000000e+00   8.8092691e-01   9.3993580e-01
   0.0000000e+00   8.7866205e-01   9.4170243e-01
   0.0000000e+00   8.7639719e-01   9.4346899e-01
   0.0000000e+00   8.7413234e-01   9.4523561e-01
   0.0000000e+00   8.7186748e-01   9.4700217e-01
   0.0000000e+00   8.6960262e-01   9.4876879e-01
   0.0000000e+00   8.6733776e-01   9.5053542e-01
   0.0000000e+00   8.6507291e-01   9.5230198e-01
   0.0000000e+00   8.6280799e-01   9.5406860e-01
   0.0000000e+00   8.6054313e-01   9.5583516e-01
   0.0000000e+00   8.5827827e-01   9.5760179e-01
   0.0000000e+00   8.5601342e-01   9.5936835e-01
   0.0000000e+00   8.5374856e-01   9.6113497e-01
   0.0000000e+00   8.5148370e-01   9.6290153e-01
   0.0000000e+00   8.4921885e-01   9.6466815e-01
   0.0000000e+00   8.4695399e-01   9.6643472e-01
   0.0000000e+00   8.4468913e-01   9.6820134e-01
   0.0000000e+00   8.4242427e-01   9.6996790e-01
   0.0000000e+00   8.4015942e-01   9.7173452e-01
   0.0000000e+00   8.3789450e-01   9.7350109e-01
   0.0000000e+00   8.3562964e-01   9.7526771e-01
   0.0000000e+00   8.3336478e-01   9.7703427e-01
   0.0000000e+00   8.3109993e-01   9.7880089e-01
   0.0000000e+00   8.2883507e-01   9.8056746e-01
   0.0000000e+00   8.2657021e-01   9.8233408e-01
   0.0000000e+00   8.2430536e-01   9.8410064e-01
   0.0000000e+00   8.2204050e-01   9.8586726e-01
   0.0000000e+00   8.1977564e-01   9.8763382e-01
   0.0000000e+00   8.1751078e-01   9.8940045e-01
   0.0000000e+00   8.1524587e-01   9.9116701e-01
   0.0000000e+00   8.1298101e-01   9.9293363e-01
   0.0000000e+00   8.1071615e-01   9.9470019e-01
   0.0000000e+00   8.0845129e-01   9.9646682e-01
   0.0000000e+00   8.0618644e-01   9.9823338e-01
   0.0000000e+00   8.0392158e-01   1.0000000e+00
   0.0000000e+00   7.9259872e-01   1.0000000e+00
   0.0000000e+00   7.8127593e-01   1.0000000e+00
   0.0000000e+00   7.6995307e-01   1.0000000e+00
   0.0000000e+00   7.5863022e-01   1.0000000e+00
   0.0000000e+00   7.4730736e-01   1.0000000e+00
   0.0000000e+00   7.3598456e-01   1.0000000e+00
   0.0000000e+00   7.2466171e-01   1.0000000e+00
   0.0000000e+00   7.1333885e-01   1.0000000e+00
   0.0000000e+00   7.0201606e-01   1.0000000e+00
   0.0000000e+00   6.9069320e-01   1.0000000e+00
   0.0000000e+00   6.7937034e-01   1.0000000e+00
   0.0000000e+00   6.6804749e-01   1.0000000e+00
   0.0000000e+00   6.5672469e-01   1.0000000e+00
   0.0000000e+00   6.4540184e-01   1.0000000e+00
   0.0000000e+00   6.3407898e-01   1.0000000e+00
   0.0000000e+00   6.2275618e-01   1.0000000e+00
   0.0000000e+00   6.1143333e-01   1.0000000e+00
   0.0000000e+00   6.0011047e-01   1.0000000e+00
   0.0000000e+00   5.8878762e-01   1.0000000e+00
   0.0000000e+00   5.7746482e-01   1.0000000e+00
   0.0000000e+00   5.6614196e-01   1.0000000e+00
   0.0000000e+00   5.5481911e-01   1.0000000e+00
   0.0000000e+00   5.4349625e-01   1.0000000e+00
   0.0000000e+00   5.3217345e-01   1.0000000e+00
   0.0000000e+00   5.2085060e-01   1.0000000e+00
   0.0000000e+00   5.0952774e-01   1.0000000e+00
   0.0000000e+00   4.9820492e-01   1.0000000e+00
   0.0000000e+00   4.8688209e-01   1.0000000e+00
   0.0000000e+00   4.7555923e-01   1.0000000e+00
   0.0000000e+00   4.6423641e-01   1.0000000e+00
   0.0000000e+00   4.5291355e-01   1.0000000e+00
   0.0000000e+00   4.4159073e-01   1.0000000e+00
   0.0000000e+00   4.3026790e-01   1.0000000e+00
   0.0000000e+00   4.1894504e-01   1.0000000e+00
   0.0000000e+00   4.0762222e-01   1.0000000e+00
   0.0000000e+00   3.9629936e-01   1.0000000e+00
   0.0000000e+00   3.8497654e-01   1.0000000e+00
   0.0000000e+00   3.7365368e-01   1.0000000e+00
   0.0000000e+00   3.6233085e-01   1.0000000e+00
   0.0000000e+00   3.5100803e-01   1.0000000e+00
   0.0000000e+00   3.3968517e-01   1.0000000e+00
   0.0000000e+00   3.2836235e-01   1.0000000e+00
   0.0000000e+00   3.1703949e-01   1.0000000e+00
   0.0000000e+00   3.0571666e-01   1.0000000e+00
   0.0000000e+00   2.9439381e-01   1.0000000e+00
   0.0000000e+00   2.8307098e-01   1.0000000e+00
   0.0000000e+00   2.7174813e-01   1.0000000e+00
   0.0000000e+00   2.6042530e-01   1.0000000e+00
   0.0000000e+00   2.4910246e-01   1.0000000e+00
   0.0000000e+00   2.3777962e-01   1.0000000e+00
   0.0000000e+00   2.2645678e-01   1.0000000e+00
   0.0000000e+00   2.1513395e-01   1.0000000e+00
   0.0000000e+00   2.0381111e-01   1.0000000e+00
   0.0000000e+00   1.9248827e-01   1.0000000e+00
   0.0000000e+00   1.8116543e-01   1.0000000e+00
   0.0000000e+00   1.6984259e-01   1.0000000e+00
   0.0000000e+00   1.5851974e-01   1.0000000e+00
   0.0000000e+00   1.4719690e-01   1.0000000e+00
   0.0000000e+00   1.3587406e-01   1.0000000e+00
   0.0000000e+00   1.2455123e-01   1.0000000e+00
   0.0000000e+00   1.1322839e-01   1.0000000e+00
   0.0000000e+00   1.0190555e-01   1.0000000e+00
   0.0000000e+00   9.0582713e-02   1.0000000e+00
   0.0000000e+00   7.9259872e-02   1.0000000e+00
   0.0000000e+00   6.7937031e-02   1.0000000e+00
   0.0000000e+00   5.6614194e-02   1.0000000e+00
   0.0000000e+00   4.5291357e-02   1.0000000e+00
   0.0000000e+00   3.3968516e-02   1.0000000e+00
   0.0000000e+00   2.2645678e-02   1.0000000e+00
   0.0000000e+00   1.1322839e-02   1.0000000e+00
   0.0000000e+00   0.0000000e+00   1.0000000e+00
   9.9009899e-03   0.0000000e+00   1.0000000e+00
   1.9801980e-02   0.0000000e+00   1.0000000e+00
   2.9702971e-02   0.0000000e+00   1.0000000e+00
   3.9603960e-02   0.0000000e+00   1.0000000e+00
   4.9504951e-02   0.0000000e+00   1.0000000e+00
   5.9405942e-02   0.0000000e+00   1.0000000e+00
   6.9306932e-02   0.0000000e+00   1.0000000e+00
   7.9207920e-02   0.0000000e+00   1.0000000e+00
   8.9108914e-02   0.0000000e+00   1.0000000e+00
   9.9009901e-02   0.0000000e+00   1.0000000e+00
   1.0891089e-01   0.0000000e+00   1.0000000e+00
   1.1881188e-01   0.0000000e+00   1.0000000e+00
   1.2871288e-01   0.0000000e+00   1.0000000e+00
   1.3861386e-01   0.0000000e+00   1.0000000e+00
   1.4851485e-01   0.0000000e+00   1.0000000e+00
   1.5841584e-01   0.0000000e+00   1.0000000e+00
   1.6831683e-01   0.0000000e+00   1.0000000e+00
   1.7821783e-01   0.0000000e+00   1.0000000e+00
   1.8811882e-01   0.0000000e+00   1.0000000e+00
   1.9801980e-01   0.0000000e+00   1.0000000e+00
   2.0792079e-01   0.0000000e+00   1.0000000e+00
   2.1782178e-01   0.0000000e+00   1.0000000e+00
   2.2772278e-01   0.0000000e+00   1.0000000e+00
   2.3762377e-01   0.0000000e+00   1.0000000e+00
   2.4752475e-01   0.0000000e+00   1.0000000e+00
   2.5742576e-01   0.0000000e+00   1.0000000e+00
   2.6732674e-01   0.0000000e+00   1.0000000e+00
   2.7722773e-01   0.0000000e+00   1.0000000e+00
   2.8712872e-01   0.0000000e+00   1.0000000e+00
   2.9702970e-01   0.0000000e+00   1.0000000e+00
   3.0693069e-01   0.0000000e+00   1.0000000e+00
   3.1683168e-01   0.0000000e+00   1.0000000e+00
   3.2673267e-01   0.0000000e+00   1.0000000e+00
   3.3663365e-01   0.0000000e+00   1.0000000e+00
   3.4653464e-01   0.0000000e+00   1.0000000e+00
   3.5643566e-01   0.0000000e+00   1.0000000e+00
   3.6633664e-01   0.0000000e+00   1.0000000e+00
   3.7623763e-01   0.0000000e+00   1.0000000e+00
   3.8613862e-01   0.0000000e+00   1.0000000e+00
   3.9603961e-01   0.0000000e+00   1.0000000e+00
   4.0594059e-01   0.0000000e+00   1.0000000e+00
   4.1584158e-01   0.0000000e+00   1.0000000e+00
   4.2574257e-01   0.0000000e+00   1.0000000e+00
   4.3564355e-01   0.0000000e+00   1.0000000e+00
   4.4554454e-01   0.0000000e+00   1.0000000e+00
   4.5544556e-01   0.0000000e+00   1.0000000e+00
   4.6534654e-01   0.0000000e+00   1.0000000e+00
   4.7524753e-01   0.0000000e+00   1.0000000e+00
   4.8514852e-01   0.0000000e+00   1.0000000e+00
   4.9504951e-01   0.0000000e+00   1.0000000e+00
   5.0495052e-01   0.0000000e+00   1.0000000e+00
   5.1485151e-01   0.0000000e+00   1.0000000e+00
   5.2475250e-01   0.0000000e+00   1.0000000e+00
   5.3465348e-01   0.0000000e+00   1.0000000e+00
   5.4455447e-01   0.0000000e+00   1.0000000e+00
   5.5445546e-01   0.0000000e+00   1.0000000e+00
   5.6435645e-01   0.0000000e+00   1.0000000e+00
   5.7425743e-01   0.0000000e+00   1.0000000e+00
   5.8415842e-01   0.0000000e+00   1.0000000e+00
   5.9405941e-01   0.0000000e+00   1.0000000e+00
   6.0396039e-01   0.0000000e+00   1.0000000e+00
   6.1386138e-01   0.0000000e+00   1.0000000e+00
   6.2376237e-01   0.0000000e+00   1.0000000e+00
   6.3366336e-01   0.0000000e+00   1.0000000e+00
   6.4356434e-01   0.0000000e+00   1.0000000e+00
   6.5346533e-01   0.0000000e+00   1.0000000e+00
   6.6336632e-01   0.0000000e+00   1.0000000e+00
   6.7326730e-01   0.0000000e+00   1.0000000e+00
   6.8316829e-01   0.0000000e+00   1.0000000e+00
   6.9306928e-01   0.0000000e+00   1.0000000e+00
   7.0297033e-01   0.0000000e+00   1.0000000e+00
   7.1287131e-01   0.0000000e+00   1.0000000e+00
   7.2277230e-01   0.0000000e+00   1.0000000e+00
   7.3267329e-01   0.0000000e+00   1.0000000e+00
   7.4257427e-01   0.0000000e+00   1.0000000e+00
   7.5247526e-01   0.0000000e+00   1.0000000e+00
   7.6237625e-01   0.0000000e+00   1.0000000e+00
   7.7227724e-01   0.0000000e+00   1.0000000e+00
   7.8217822e-01   0.0000000e+00   1.0000000e+00
   7.9207921e-01   0.0000000e+00   1.0000000e+00
   8.0198020e-01   0.0000000e+00   1.0000000e+00
   8.1188118e-01   0.0000000e+00   1.0000000e+00
   8.2178217e-01   0.0000000e+00   1.0000000e+00
   8.3168316e-01   0.0000000e+00   1.0000000e+00
   8.4158415e-01   0.0000000e+00   1.0000000e+00
   8.5148513e-01   0.0000000e+00   1.0000000e+00
   8.6138612e-01   0.0000000e+00   1.0000000e+00
   8.7128711e-01   0.0000000e+00   1.0000000e+00
   8.8118809e-01   0.0000000e+00   1.0000000e+00
   8.9108908e-01   0.0000000e+00   1.0000000e+00
   9.0099013e-01   0.0000000e+00   1.0000000e+00
   9.1089112e-01   0.0000000e+00   1.0000000e+00
   9.2079210e-01   0.0000000e+00   1.0000000e+00
   9.3069309e-01   0.0000000e+00   1.0000000e+00
   9.4059408e-01   0.0000000e+00   1.0000000e+00
   9.5049506e-01   0.0000000e+00   1.0000000e+00
   9.6039605e-01   0.0000000e+00   1.0000000e+00
   9.7029704e-01   0.0000000e+00   1.0000000e+00
   9.8019803e-01   0.0000000e+00   1.0000000e+00
   9.9009901e-01   0.0000000e+00   1.0000000e+00
   1.0000000e+00   0.0000000e+00   1.0000000e+00
   1.0000000e+00   0.0000000e+00   9.9215686e-01
   1.0000000e+00   0.0000000e+00   9.8431373e-01
   1.0000000e+00   0.0000000e+00   9.7254902e-01
   1.0000000e+00   0.0000000e+00   9.6470588e-01
   1.0000000e+00   0.0000000e+00   9.5686275e-01
   1.0000000e+00   0.0000000e+00   9.4901961e-01
   1.0000000e+00   0.0000000e+00   9.4117647e-01
   1.0000000e+00   0.0000000e+00   9.3333334e-01
   1.0000000e+00   0.0000000e+00   9.2156863e-01
   1.0000000e+00   0.0000000e+00   9.1372550e-01
   1.0000000e+00   0.0000000e+00   9.0588236e-01
   1.0000000e+00   0.0000000e+00   8.9803922e-01
   1.0000000e+00   0.0000000e+00   8.9019608e-01
   1.0000000e+00   0.0000000e+00   8.7843138e-01
   1.0000000e+00   0.0000000e+00   8.7058824e-01
   1.0000000e+00   0.0000000e+00   8.6274511e-01
   1.0000000e+00   0.0000000e+00   8.5490197e-01
   1.0000000e+00   0.0000000e+00   8.4705883e-01
   1.0000000e+00   0.0000000e+00   8.3921570e-01
   1.0000000e+00   0.0000000e+00   8.2745099e-01
   1.0000000e+00   0.0000000e+00   8.1960785e-01
   1.0000000e+00   0.0000000e+00   8.1176472e-01
   1.0000000e+00   0.0000000e+00   8.0392158e-01
   1.0000000e+00   0.0000000e+00   7.9607844e-01
   1.0000000e+00   0.0000000e+00   7.8823531e-01
   1.0000000e+00   0.0000000e+00   7.7647060e-01
   1.0000000e+00   0.0000000e+00   7.6862746e-01
   1.0000000e+00   0.0000000e+00   7.6078433e-01
   1.0000000e+00   0.0000000e+00   7.5294119e-01
   1.0000000e+00   0.0000000e+00   7.4509805e-01
   1.0000000e+00   0.0000000e+00   7.3333335e-01
   1.0000000e+00   0.0000000e+00   7.2549021e-01
   1.0000000e+00   0.0000000e+00   7.1764708e-01
   1.0000000e+00   0.0000000e+00   7.0980394e-01
   1.0000000e+00   0.0000000e+00   7.0196080e-01
   1.0000000e+00   0.0000000e+00   6.9411767e-01
   1.0000000e+00   0.0000000e+00   6.8235296e-01
   1.0000000e+00   0.0000000e+00   6.7450982e-01
   1.0000000e+00   0.0000000e+00   6.6666669e-01
   1.0000000e+00   0.0000000e+00   6.5882355e-01
   1.0000000e+00   0.0000000e+00   6.5098041e-01
   1.0000000e+00   0.0000000e+00   6.3921571e-01
   1.0000000e+00   0.0000000e+00   6.3137257e-01
   1.0000000e+00   0.0000000e+00   6.2352943e-01
   1.0000000e+00   0.0000000e+00   6.1568630e-01
   1.0000000e+00   0.0000000e+00   6.0784316e-01
   1.0000000e+00   0.0000000e+00   6.0000002e-01
   1.0000000e+00   0.0000000e+00   5.8823532e-01
   1.0000000e+00   0.0000000e+00   5.8039218e-01
   1.0000000e+00   0.0000000e+00   5.7254905e-01
   1.0000000e+00   0.0000000e+00   5.6470591e-01
   1.0000000e+00   0.0000000e+00   5.5686277e-01
   1.0000000e+00   0.0000000e+00   5.4509807e-01
   1.0000000e+00   0.0000000e+00   5.3725493e-01
   1.0000000e+00   0.0000000e+00   5.2941179e-01
   1.0000000e+00   0.0000000e+00   5.2156866e-01
   1.0000000e+00   0.0000000e+00   5.1372552e-01
   1.0000000e+00   0.0000000e+00   5.0588238e-01
   1.0000000e+00   0.0000000e+00   4.9411765e-01
   1.0000000e+00   0.0000000e+00   4.8627451e-01
   1.0000000e+00   0.0000000e+00   4.7843137e-01
   1.0000000e+00   0.0000000e+00   4.7058824e-01
   1.0000000e+00   0.0000000e+00   4.6274510e-01
   1.0000000e+00   0.0000000e+00   4.5490196e-01
   1.0000000e+00   0.0000000e+00   4.4313726e-01
   1.0000000e+00   0.0000000e+00   4.3529412e-01
   1.0000000e+00   0.0000000e+00   4.2745098e-01
   1.0000000e+00   0.0000000e+00   4.1960785e-01
   1.0000000e+00   0.0000000e+00   4.1176471e-01
   1.0000000e+00   0.0000000e+00   4.0000001e-01
   1.0000000e+00   0.0000000e+00   3.9215687e-01
   1.0000000e+00   0.0000000e+00   3.8431373e-01
   1.0000000e+00   0.0000000e+00   3.7647060e-01
   1.0000000e+00   0.0000000e+00   3.6862746e-01
   1.0000000e+00   0.0000000e+00   3.6078432e-01
   1.0000000e+00   0.0000000e+00   3.4901962e-01
   1.0000000e+00   0.0000000e+00   3.4117648e-01
   1.0000000e+00   0.0000000e+00   3.3333334e-01
   1.0000000e+00   0.0000000e+00   3.2549021e-01
   1.0000000e+00   0.0000000e+00   3.1764707e-01
   1.0000000e+00   0.0000000e+00   3.0588236e-01
   1.0000000e+00   0.0000000e+00   2.9803923e-01
   1.0000000e+00   0.0000000e+00   2.9019609e-01
   1.0000000e+00   0.0000000e+00   2.8235295e-01
   1.0000000e+00   0.0000000e+00   2.7450982e-01
   1.0000000e+00   0.0000000e+00   2.6666668e-01
   1.0000000e+00   0.0000000e+00   2.5490198e-01
   1.0000000e+00   0.0000000e+00   2.4705882e-01
   1.0000000e+00   0.0000000e+00   2.3921569e-01
   1.0000000e+00   0.0000000e+00   2.3137255e-01
   1.0000000e+00   0.0000000e+00   2.2352941e-01
   1.0000000e+00   0.0000000e+00   2.1176471e-01
   1.0000000e+00   0.0000000e+00   2.0392157e-01
   1.0000000e+00   0.0000000e+00   1.9607843e-01
   1.0000000e+00   0.0000000e+00   1.8823530e-01
   1.0000000e+00   0.0000000e+00   1.8039216e-01
   1.0000000e+00   0.0000000e+00   1.7254902e-01
   1.0000000e+00   0.0000000e+00   1.6078432e-01
   1.0000000e+00   0.0000000e+00   1.5294118e-01
   1.0000000e+00   0.0000000e+00   1.4509805e-01
   1.0000000e+00   0.0000000e+00   1.3725491e-01
   1.0000000e+00   0.0000000e+00   1.2941177e-01
   1.0000000e+00   0.0000000e+00   1.2156863e-01
   1.0000000e+00   0.0000000e+00   1.0980392e-01
   1.0000000e+00   0.0000000e+00   1.0196079e-01
   1.0000000e+00   0.0000000e+00   9.4117649e-02
   1.0000000e+00   0.0000000e+00   8.6274512e-02
   1.0000000e+00   0.0000000e+00   7.8431375e-02
   1.0000000e+00   0.0000000e+00   6.6666670e-02
   1.0000000e+00   0.0000000e+00   5.8823530e-02
   1.0000000e+00   0.0000000e+00   5.0980393e-02
   1.0000000e+00   0.0000000e+00   4.3137256e-02
   1.0000000e+00   0.0000000e+00   3.5294119e-02
   1.0000000e+00   0.0000000e+00   2.7450981e-02
   1.0000000e+00   0.0000000e+00   1.5686275e-02
   1.0000000e+00   0.0000000e+00   7.8431377e-03
   1.0000000e+00   0.0000000e+00   0.0000000e+00
   1.0000000e+00   6.0740085e-03   0.0000000e+00
   1.0000000e+00   1.2148017e-02   0.0000000e+00
   1.0000000e+00   1.8222027e-02   0.0000000e+00
   1.0000000e+00   2.4296034e-02   0.0000000e+00
   1.0000000e+00   3.0370044e-02   0.0000000e+00
   1.0000000e+00   3.6444053e-02   0.0000000e+00
   1.0000000e+00   4.2518061e-02   0.0000000e+00
   1.0000000e+00   4.8592068e-02   0.0000000e+00
   1.0000000e+00   5.4666080e-02   0.0000000e+00
   1.0000000e+00   6.0740087e-02   0.0000000e+00
   1.0000000e+00   6.6814095e-02   0.0000000e+00
   1.0000000e+00   7.2888106e-02   0.0000000e+00
   1.0000000e+00   7.8962110e-02   0.0000000e+00
   1.0000000e+00   8.5036121e-02   0.0000000e+00
   1.0000000e+00   9.1110133e-02   0.0000000e+00
   1.0000000e+00   9.7184137e-02   0.0000000e+00
   1.0000000e+00   1.0325815e-01   0.0000000e+00
   1.0000000e+00   1.0933216e-01   0.0000000e+00
   1.0000000e+00   1.1540616e-01   0.0000000e+00
   1.0000000e+00   1.2148017e-01   0.0000000e+00
   1.0000000e+00   1.2755418e-01   0.0000000e+00
   1.0000000e+00   1.3362819e-01   0.0000000e+00
   1.0000000e+00   1.3970220e-01   0.0000000e+00
   1.0000000e+00   1.4577621e-01   0.0000000e+00
   1.0000000e+00   1.5185021e-01   0.0000000e+00
   1.0000000e+00   1.5792422e-01   0.0000000e+00
   1.0000000e+00   1.6399823e-01   0.0000000e+00
   1.0000000e+00   1.7007224e-01   0.0000000e+00
   1.0000000e+00   1.7614625e-01   0.0000000e+00
   1.0000000e+00   1.8222027e-01   0.0000000e+00
   1.0000000e+00   1.8829426e-01   0.0000000e+00
   1.0000000e+00   1.9436827e-01   0.0000000e+00
   1.0000000e+00   2.0044228e-01   0.0000000e+00
   1.0000000e+00   2.0651630e-01   0.0000000e+00
   1.0000000e+00   2.1259031e-01   0.0000000e+00
   1.0000000e+00   2.1866432e-01   0.0000000e+00
   1.0000000e+00   2.2473831e-01   0.0000000e+00
   1.0000000e+00   2.3081233e-01   0.0000000e+00
   1.0000000e+00   2.3688634e-01   0.0000000e+00
   1.0000000e+00   2.4296035e-01   0.0000000e+00
   1.0000000e+00   2.4903436e-01   0.0000000e+00
   1.0000000e+00   2.5510836e-01   0.0000000e+00
   1.0000000e+00   2.6118237e-01   0.0000000e+00
   1.0000000e+00   2.6725638e-01   0.0000000e+00
   1.0000000e+00   2.7333039e-01   0.0000000e+00
   1.0000000e+00   2.7940440e-01   0.0000000e+00
   1.0000000e+00   2.8547841e-01   0.0000000e+00
   1.0000000e+00   2.9155242e-01   0.0000000e+00
   1.0000000e+00   2.9762644e-01   0.0000000e+00
   1.0000000e+00   3.0370042e-01   0.0000000e+00
   1.0000000e+00   3.0977443e-01   0.0000000e+00
   1.0000000e+00   3.1584844e-01   0.0000000e+00
   1.0000000e+00   3.2192245e-01   0.0000000e+00
   1.0000000e+00   3.2799646e-01   0.0000000e+00
   1.0000000e+00   3.3407047e-01   0.0000000e+00
   1.0000000e+00   3.4014449e-01   0.0000000e+00
   1.0000000e+00   3.4621850e-01   0.0000000e+00
   1.0000000e+00   3.5229251e-01   0.0000000e+00
   1.0000000e+00   3.5836652e-01   0.0000000e+00
   1.0000000e+00   3.6444053e-01   0.0000000e+00
   1.0000000e+00   3.7051451e-01   0.0000000e+00
   1.0000000e+00   3.7658852e-01   0.0000000e+00
   1.0000000e+00   3.8266253e-01   0.0000000e+00
   1.0000000e+00   3.8873655e-01   0.0000000e+00
   1.0000000e+00   3.9481056e-01   0.0000000e+00
   1.0000000e+00   4.0088457e-01   0.0000000e+00
   1.0000000e+00   4.0695858e-01   0.0000000e+00
   1.0000000e+00   4.1303259e-01   0.0000000e+00
   1.0000000e+00   4.1910660e-01   0.0000000e+00
   1.0000000e+00   4.2518061e-01   0.0000000e+00
   1.0000000e+00   4.3125463e-01   0.0000000e+00
   1.0000000e+00   4.3732864e-01   0.0000000e+00
   1.0000000e+00   4.4340262e-01   0.0000000e+00
   1.0000000e+00   4.4947663e-01   0.0000000e+00
   1.0000000e+00   4.5555064e-01   0.0000000e+00
   1.0000000e+00   4.6162465e-01   0.0000000e+00
   1.0000000e+00   4.6769866e-01   0.0000000e+00
   1.0000000e+00   4.7377267e-01   0.0000000e+00
   1.0000000e+00   4.7984669e-01   0.0000000e+00
   1.0000000e+00   4.8592070e-01   0.0000000e+00
   1.0000000e+00   4.9199471e-01   0.0000000e+00
   1.0000000e+00   4.9806872e-01   0.0000000e+00
   1.0000000e+00   5.0414270e-01   0.0000000e+00
   1.0000000e+00   5.1021671e-01   0.0000000e+00
   1.0000000e+00   5.1629072e-01   0.0000000e+00
   1.0000000e+00   5.2236474e-01   0.0000000e+00
   1.0000000e+00   5.2843875e-01   0.0000000e+00
   1.0000000e+00   5.3451276e-01   0.0000000e+00
   1.0000000e+00   5.4058677e-01   0.0000000e+00
   1.0000000e+00   5.4666078e-01   0.0000000e+00
   1.0000000e+00   5.5273479e-01   0.0000000e+00
   1.0000000e+00   5.5880880e-01   0.0000000e+00
   1.0000000e+00   5.6488281e-01   0.0000000e+00
   1.0000000e+00   5.7095683e-01   0.0000000e+00
   1.0000000e+00   5.7703084e-01   0.0000000e+00
   1.0000000e+00   5.8310485e-01   0.0000000e+00
   1.0000000e+00   5.8917886e-01   0.0000000e+00
   1.0000000e+00   5.9525287e-01   0.0000000e+00
   1.0000000e+00   6.0132688e-01   0.0000000e+00
   1.0000000e+00   6.0740083e-01   0.0000000e+00
   1.0000000e+00   6.1347485e-01   0.0000000e+00
   1.0000000e+00   6.1954886e-01   0.0000000e+00
   1.0000000e+00   6.2562287e-01   0.0000000e+00
   1.0000000e+00   6.3169688e-01   0.0000000e+00
   1.0000000e+00   6.3777089e-01   0.0000000e+00
   1.0000000e+00   6.4384490e-01   0.0000000e+00
   1.0000000e+00   6.4991891e-01   0.0000000e+00
   1.0000000e+00   6.5599293e-01   0.0000000e+00
   1.0000000e+00   6.6206694e-01   0.0000000e+00
   1.0000000e+00   6.6814095e-01   0.0000000e+00
   1.0000000e+00   6.7421496e-01   0.0000000e+00
   1.0000000e+00   6.8028897e-01   0.0000000e+00
   1.0000000e+00   6.8636298e-01   0.0000000e+00
   1.0000000e+00   6.9243699e-01   0.0000000e+00
   1.0000000e+00   6.9851100e-01   0.0000000e+00
   1.0000000e+00   7.0458502e-01   0.0000000e+00
   1.0000000e+00   7.1065903e-01   0.0000000e+00
   1.0000000e+00   7.1673304e-01   0.0000000e+00
   1.0000000e+00   7.2280705e-01   0.0000000e+00
   1.0000000e+00   7.2888106e-01   0.0000000e+00
   1.0000000e+00   7.3495507e-01   0.0000000e+00
   1.0000000e+00   7.4102902e-01   0.0000000e+00
   1.0000000e+00   7.4710304e-01   0.0000000e+00
   1.0000000e+00   7.5317705e-01   0.0000000e+00
   1.0000000e+00   7.5925106e-01   0.0000000e+00
   1.0000000e+00   7.6532507e-01   0.0000000e+00
   1.0000000e+00   7.7139908e-01   0.0000000e+00
   1.0000000e+00   7.7747309e-01   0.0000000e+00
   1.0000000e+00   7.8354710e-01   0.0000000e+00
   1.0000000e+00   7.8962111e-01   0.0000000e+00
   1.0000000e+00   7.9569513e-01   0.0000000e+00
   1.0000000e+00   8.0176914e-01   0.0000000e+00
   1.0000000e+00   8.0784315e-01   0.0000000e+00
   1.0000000e+00   8.0923557e-01   0.0000000e+00
   1.0000000e+00   8.1062806e-01   0.0000000e+00
   1.0000000e+00   8.1202048e-01   0.0000000e+00
   1.0000000e+00   8.1341290e-01   0.0000000e+00
   1.0000000e+00   8.1480533e-01   0.0000000e+00
   1.0000000e+00   8.1619781e-01   0.0000000e+00
   1.0000000e+00   8.1759024e-01   0.0000000e+00
   1.0000000e+00   8.1898266e-01   0.0000000e+00
   1.0000000e+00   8.2037514e-01   0.0000000e+00
   1.0000000e+00   8.2176757e-01   0.0000000e+00
   1.0000000e+00   8.2315999e-01   0.0000000e+00
   1.0000000e+00   8.2455242e-01   0.0000000e+00
   1.0000000e+00   8.2594490e-01   0.0000000e+00
   1.0000000e+00   8.2733732e-01   0.0000000e+00
   1.0000000e+00   8.2872975e-01   0.0000000e+00
   1.0000000e+00   8.3012223e-01   0.0000000e+00
   1.0000000e+00   8.3151466e-01   0.0000000e+00
   1.0000000e+00   8.3290708e-01   0.0000000e+00
   1.0000000e+00   8.3429950e-01   0.0000000e+00
   1.0000000e+00   8.3569199e-01   0.0000000e+00
   1.0000000e+00   8.3708441e-01   0.0000000e+00
   1.0000000e+00   8.3847684e-01   0.0000000e+00
   1.0000000e+00   8.3986926e-01   0.0000000e+00
   1.0000000e+00   8.4126174e-01   0.0000000e+00
   1.0000000e+00   8.4265417e-01   0.0000000e+00
   1.0000000e+00   8.4404659e-01   0.0000000e+00
   1.0000000e+00   8.4543908e-01   0.0000000e+00
   1.0000000e+00   8.4683150e-01   0.0000000e+00
   1.0000000e+00   8.4822392e-01   0.0000000e+00
   1.0000000e+00   8.4961635e-01   0.0000000e+00
   1.0000000e+00   8.5100883e-01   0.0000000e+00
   1.0000000e+00   8.5240126e-01   0.0000000e+00
   1.0000000e+00   8.5379368e-01   0.0000000e+00
   1.0000000e+00   8.5518616e-01   0.0000000e+00
   1.0000000e+00   8.5657859e-01   0.0000000e+00
   1.0000000e+00   8.5797101e-01   0.0000000e+00
   1.0000000e+00   8.5936344e-01   0.0000000e+00
   1.0000000e+00   8.6075592e-01   0.0000000e+00
   1.0000000e+00   8.6214834e-01   0.0000000e+00
   1.0000000e+00   8.6354077e-01   0.0000000e+00
   1.0000000e+00   8.6493325e-01   0.0000000e+00
   1.0000000e+00   8.6632568e-01   0.0000000e+00
   1.0000000e+00   8.6771810e-01   0.0000000e+00
   1.0000000e+00   8.6911052e-01   0.0000000e+00
   1.0000000e+00   8.7050301e-01   0.0000000e+00
   1.0000000e+00   8.7189543e-01   0.0000000e+00
   1.0000000e+00   8.7328786e-01   0.0000000e+00
   1.0000000e+00   8.7468034e-01   0.0000000e+00
   1.0000000e+00   8.7607276e-01   0.0000000e+00
   1.0000000e+00   8.7746519e-01   0.0000000e+00
   1.0000000e+00   8.7885761e-01   0.0000000e+00
   1.0000000e+00   8.8025010e-01   0.0000000e+00
   1.0000000e+00   8.8164252e-01   0.0000000e+00
   1.0000000e+00   8.8303494e-01   0.0000000e+00
   1.0000000e+00   8.8442743e-01   0.0000000e+00
   1.0000000e+00   8.8581985e-01   0.0000000e+00
   1.0000000e+00   8.8721228e-01   0.0000000e+00
   1.0000000e+00   8.8860470e-01   0.0000000e+00
   1.0000000e+00   8.8999718e-01   0.0000000e+00
   1.0000000e+00   8.9138961e-01   0.0000000e+00
   1.0000000e+00   8.9278203e-01   0.0000000e+00
   1.0000000e+00   8.9417452e-01   0.0000000e+00
   1.0000000e+00   8.9556694e-01   0.0000000e+00
   1.0000000e+00   8.9695936e-01   0.0000000e+00
   1.0000000e+00   8.9835179e-01   0.0000000e+00
   1.0000000e+00   8.9974427e-01   0.0000000e+00
   1.0000000e+00   9.0113670e-01   0.0000000e+00
   1.0000000e+00   9.0252912e-01   0.0000000e+00
   1.0000000e+00   9.0392160e-01   0.0000000e+00
   1.0000000e+00   9.0531403e-01   0.0000000e+00
   1.0000000e+00   9.0670645e-01   0.0000000e+00
   1.0000000e+00   9.0809888e-01   0.0000000e+00
   1.0000000e+00   9.0949136e-01   0.0000000e+00
   1.0000000e+00   9.1088378e-01   0.0000000e+00
   1.0000000e+00   9.1227621e-01   0.0000000e+00
   1.0000000e+00   9.1366863e-01   0.0000000e+00
   1.0000000e+00   9.1506112e-01   0.0000000e+00
   1.0000000e+00   9.1645354e-01   0.0000000e+00
   1.0000000e+00   9.1784596e-01   0.0000000e+00
   1.0000000e+00   9.1923845e-01   0.0000000e+00
   1.0000000e+00   9.2063087e-01   0.0000000e+00
   1.0000000e+00   9.2202330e-01   0.0000000e+00
   1.0000000e+00   9.2341572e-01   0.0000000e+00
   1.0000000e+00   9.2480820e-01   0.0000000e+00
   1.0000000e+00   9.2620063e-01   0.0000000e+00
   1.0000000e+00   9.2759305e-01   0.0000000e+00
   1.0000000e+00   9.2898554e-01   0.0000000e+00
   1.0000000e+00   9.3037796e-01   0.0000000e+00
   1.0000000e+00   9.3177038e-01   0.0000000e+00
   1.0000000e+00   9.3316281e-01   0.0000000e+00
   1.0000000e+00   9.3455529e-01   0.0000000e+00
   1.0000000e+00   9.3594772e-01   0.0000000e+00
   1.0000000e+00   9.3734014e-01   0.0000000e+00
   1.0000000e+00   9.3873262e-01   0.0000000e+00
   1.0000000e+00   9.4012505e-01   0.0000000e+00
   1.0000000e+00   9.4151747e-01   0.0000000e+00
   1.0000000e+00   9.4290990e-01   0.0000000e+00
   1.0000000e+00   9.4430238e-01   0.0000000e+00
   1.0000000e+00   9.4569480e-01   0.0000000e+00
   1.0000000e+00   9.4708723e-01   0.0000000e+00
   1.0000000e+00   9.4847971e-01   0.0000000e+00
   1.0000000e+00   9.4987214e-01   0.0000000e+00
   1.0000000e+00   9.5126456e-01   0.0000000e+00
   1.0000000e+00   9.5265698e-01   0.0000000e+00
   1.0000000e+00   9.5404947e-01   0.0000000e+00
   1.0000000e+00   9.5544189e-01   0.0000000e+00
   1.0000000e+00   9.5683432e-01   0.0000000e+00
   1.0000000e+00   9.5822680e-01   0.0000000e+00
   1.0000000e+00   9.5961922e-01   0.0000000e+00
   1.0000000e+00   9.6101165e-01   0.0000000e+00
   1.0000000e+00   9.6240407e-01   0.0000000e+00
   1.0000000e+00   9.6379656e-01   0.0000000e+00
   1.0000000e+00   9.6518898e-01   0.0000000e+00
   1.0000000e+00   9.6658140e-01   0.0000000e+00
   1.0000000e+00   9.6797383e-01   0.0000000e+00
   1.0000000e+00   9.6936631e-01   0.0000000e+00
   1.0000000e+00   9.7075874e-01   0.0000000e+00
   1.0000000e+00   9.7215116e-01   0.0000000e+00
   1.0000000e+00   9.7354364e-01   0.0000000e+00
   1.0000000e+00   9.7493607e-01   0.0000000e+00
   1.0000000e+00   9.7632849e-01   0.0000000e+00
   1.0000000e+00   9.7772092e-01   0.0000000e+00
   1.0000000e+00   9.7911340e-01   0.0000000e+00
   1.0000000e+00   9.8050582e-01   0.0000000e+00
   1.0000000e+00   9.8189825e-01   0.0000000e+00
   1.0000000e+00   9.8329073e-01   0.0000000e+00
   1.0000000e+00   9.8468316e-01   0.0000000e+00
   1.0000000e+00   9.8607558e-01   0.0000000e+00
   1.0000000e+00   9.8746800e-01   0.0000000e+00
   1.0000000e+00   9.8886049e-01   0.0000000e+00
   1.0000000e+00   9.9025291e-01   0.0000000e+00
   1.0000000e+00   9.9164534e-01   0.0000000e+00
   1.0000000e+00   9.9303782e-01   0.0000000e+00
   1.0000000e+00   9.9443024e-01   0.0000000e+00
   1.0000000e+00   9.9582267e-01   0.0000000e+00
   1.0000000e+00   9.9721509e-01   0.0000000e+00
   1.0000000e+00   9.9860758e-01   0.0000000e+00
   1.0000000e+00   1.0000000e+00   0.0000000e+00
   9.9764705e-01   9.9604940e-01   0.0000000e+00
   9.9529409e-01   9.9209875e-01   0.0000000e+00
   9.9294120e-01   9.8814815e-01   0.0000000e+00
   9.9058825e-01   9.8419756e-01   0.0000000e+00
   9.8823529e-01   9.8024690e-01   0.0000000e+00
   9.8588234e-01   9.7629631e-01   0.0000000e+00
   9.8352939e-01   9.7234565e-01   0.0000000e+00
   9.8117650e-01   9.6839505e-01   0.0000000e+00
   9.7882354e-01   9.6444446e-01   0.0000000e+00
   9.7647059e-01   9.6049380e-01   0.0000000e+00
   9.7411764e-01   9.5654321e-01   0.0000000e+00
   9.7176468e-01   9.5259261e-01   0.0000000e+00
   9.6941179e-01   9.4864196e-01   0.0000000e+00
   9.6705884e-01   9.4469136e-01   0.0000000e+00
   9.6470588e-01   9.4074076e-01   0.0000000e+00
   9.6235293e-01   9.3679011e-01   0.0000000e+00
   9.5999998e-01   9.3283951e-01   0.0000000e+00
   9.5764709e-01   9.2888892e-01   0.0000000e+00
   9.5529413e-01   9.2493826e-01   0.0000000e+00
   9.5294118e-01   9.2098767e-01   0.0000000e+00
   9.5058823e-01   9.1703701e-01   0.0000000e+00
   9.4823527e-01   9.1308641e-01   0.0000000e+00
   9.4588238e-01   9.0913582e-01   0.0000000e+00
   9.4352943e-01   9.0518516e-01   0.0000000e+00
   9.4117647e-01   9.0123457e-01   0.0000000e+00
   9.3882352e-01   8.9728397e-01   0.0000000e+00
   9.3647057e-01   8.9333332e-01   0.0000000e+00
   9.3411767e-01   8.8938272e-01   0.0000000e+00
   9.3176472e-01   8.8543212e-01   0.0000000e+00
   9.2941177e-01   8.8148147e-01   0.0000000e+00
   9.2705882e-01   8.7753087e-01   0.0000000e+00
   9.2470586e-01   8.7358028e-01   0.0000000e+00
   9.2235297e-01   8.6962962e-01   0.0000000e+00
   9.2000002e-01   8.6567903e-01   0.0000000e+00
   9.1764706e-01   8.6172837e-01   0.0000000e+00
   9.1529411e-01   8.5777777e-01   0.0000000e+00
   9.1294116e-01   8.5382718e-01   0.0000000e+00
   9.1058826e-01   8.4987652e-01   0.0000000e+00
   9.0823531e-01   8.4592593e-01   0.0000000e+00
   9.0588236e-01   8.4197533e-01   0.0000000e+00
   9.0352941e-01   8.3802468e-01   0.0000000e+00
   9.0117645e-01   8.3407408e-01   0.0000000e+00
   8.9882356e-01   8.3012348e-01   0.0000000e+00
   8.9647061e-01   8.2617283e-01   0.0000000e+00
   8.9411765e-01   8.2222223e-01   0.0000000e+00
   8.9176470e-01   8.1827158e-01   0.0000000e+00
   8.8941175e-01   8.1432098e-01   0.0000000e+00
   8.8705885e-01   8.1037039e-01   0.0000000e+00
   8.8470590e-01   8.0641973e-01   0.0000000e+00
   8.8235295e-01   8.0246913e-01   0.0000000e+00
   8.8000000e-01   7.9851854e-01   0.0000000e+00
   8.7764704e-01   7.9456788e-01   0.0000000e+00
   8.7529415e-01   7.9061729e-01   0.0000000e+00
   8.7294120e-01   7.8666669e-01   0.0000000e+00
   8.7058824e-01   7.8271604e-01   0.0000000e+00
   8.6823529e-01   7.7876544e-01   0.0000000e+00
   8.6588234e-01   7.7481484e-01   0.0000000e+00
   8.6352944e-01   7.7086419e-01   0.0000000e+00
   8.6117649e-01   7.6691359e-01   0.0000000e+00
   8.5882354e-01   7.6296294e-01   0.0000000e+00
   8.5647058e-01   7.5901234e-01   0.0000000e+00
   8.5411763e-01   7.5506175e-01   0.0000000e+00
   8.5176474e-01   7.5111109e-01   0.0000000e+00
   8.4941179e-01   7.4716049e-01   0.0000000e+00
   8.4705883e-01   7.4320990e-01   0.0000000e+00
   8.4470588e-01   7.3925924e-01   0.0000000e+00
   8.4235293e-01   7.3530865e-01   0.0000000e+00
   8.4000003e-01   7.3135805e-01   0.0000000e+00
   8.3764708e-01   7.2740740e-01   0.0000000e+00
   8.3529413e-01   7.2345680e-01   0.0000000e+00
   8.3294117e-01   7.1950614e-01   0.0000000e+00
   8.3058822e-01   7.1555555e-01   0.0000000e+00
   8.2823533e-01   7.1160495e-01   0.0000000e+00
   8.2588238e-01   7.0765430e-01   0.0000000e+00
   8.2352942e-01   7.0370370e-01   0.0000000e+00
   8.2117647e-01   6.9975311e-01   0.0000000e+00
   8.1882352e-01   6.9580245e-01   0.0000000e+00
   8.1647062e-01   6.9185185e-01   0.0000000e+00
   8.1411767e-01   6.8790126e-01   0.0000000e+00
   8.1176472e-01   6.8395060e-01   0.0000000e+00
   8.0941176e-01   6.8000001e-01   0.0000000e+00
   8.0705881e-01   6.7604941e-01   0.0000000e+00
   8.0470592e-01   6.7209876e-01   0.0000000e+00
   8.0235296e-01   6.6814816e-01   0.0000000e+00
   8.0000001e-01   6.6419750e-01   0.0000000e+00
   7.9764706e-01   6.6024691e-01   0.0000000e+00
   7.9529411e-01   6.5629631e-01   0.0000000e+00
   7.9294121e-01   6.5234566e-01   0.0000000e+00
   7.9058826e-01   6.4839506e-01   0.0000000e+00
   7.8823531e-01   6.4444447e-01   0.0000000e+00
   7.8588235e-01   6.4049381e-01   0.0000000e+00
   7.8352940e-01   6.3654321e-01   0.0000000e+00
   7.8117651e-01   6.3259262e-01   0.0000000e+00
   7.7882355e-01   6.2864196e-01   0.0000000e+00
   7.7647060e-01   6.2469137e-01   0.0000000e+00
   7.7411765e-01   6.2074077e-01   0.0000000e+00
   7.7176470e-01   6.1679012e-01   0.0000000e+00
   7.6941180e-01   6.1283952e-01   0.0000000e+00
   7.6705885e-01   6.0888886e-01   0.0000000e+00
   7.6470590e-01   6.0493827e-01   0.0000000e+00
   7.6235294e-01   6.0098767e-01   0.0000000e+00
   7.5999999e-01   5.9703702e-01   0.0000000e+00
   7.5764710e-01   5.9308642e-01   0.0000000e+00
   7.5529414e-01   5.8913583e-01   0.0000000e+00
   7.5294119e-01   5.8518517e-01   0.0000000e+00
   7.5058824e-01   5.8123457e-01   0.0000000e+00
   7.4823529e-01   5.7728398e-01   0.0000000e+00
   7.4588239e-01   5.7333332e-01   0.0000000e+00
   7.4352944e-01   5.6938273e-01   0.0000000e+00
   7.4117649e-01   5.6543207e-01   0.0000000e+00
   7.3882353e-01   5.6148148e-01   0.0000000e+00
   7.3647058e-01   5.5753088e-01   0.0000000e+00
   7.3411769e-01   5.5358022e-01   0.0000000e+00
   7.3176473e-01   5.4962963e-01   0.0000000e+00
   7.2941178e-01   5.4567903e-01   0.0000000e+00
   7.2705883e-01   5.4172838e-01   0.0000000e+00
   7.2470587e-01   5.3777778e-01   0.0000000e+00
   7.2235298e-01   5.3382719e-01   0.0000000e+00
   7.2000003e-01   5.2987653e-01   0.0000000e+00
   7.1764708e-01   5.2592593e-01   0.0000000e+00
   7.1529412e-01   5.2197534e-01   0.0000000e+00
   7.1294117e-01   5.1802468e-01   0.0000000e+00
   7.1058828e-01   5.1407409e-01   0.0000000e+00
   7.0823532e-01   5.1012343e-01   0.0000000e+00
   7.0588237e-01   5.0617284e-01   0.0000000e+00
   7.0352942e-01   5.0222224e-01   0.0000000e+00
   7.0117646e-01   4.9827161e-01   0.0000000e+00
   6.9882357e-01   4.9432099e-01   0.0000000e+00
   6.9647062e-01   4.9037036e-01   0.0000000e+00
   6.9411767e-01   4.8641977e-01   0.0000000e+00
   6.9176471e-01   4.8246914e-01   0.0000000e+00
   6.8941176e-01   4.7851852e-01   0.0000000e+00
   6.8705887e-01   4.7456789e-01   0.0000000e+00
   6.8470591e-01   4.7061729e-01   0.0000000e+00
   6.8235296e-01   4.6666667e-01   0.0000000e+00
   6.7680538e-01   4.6287262e-01   0.0000000e+00
   6.7125779e-01   4.5907858e-01   0.0000000e+00
   6.6571021e-01   4.5528457e-01   0.0000000e+00
   6.6016263e-01   4.5149052e-01   0.0000000e+00
   6.5461504e-01   4.4769648e-01   0.0000000e+00
   6.4906746e-01   4.4390243e-01   0.0000000e+00
   6.4351988e-01   4.4010839e-01   0.0000000e+00
   6.3797230e-01   4.3631437e-01   0.0000000e+00
   6.3242471e-01   4.3252033e-01   0.0000000e+00
   6.2687713e-01   4.2872629e-01   0.0000000e+00
   6.2132955e-01   4.2493224e-01   0.0000000e+00
   6.1578196e-01   4.2113823e-01   0.0000000e+00
   6.1023438e-01   4.1734418e-01   0.0000000e+00
   6.0468680e-01   4.1355014e-01   0.0000000e+00
   5.9913921e-01   4.0975609e-01   0.0000000e+00
   5.9359157e-01   4.0596205e-01   0.0000000e+00
   5.8804399e-01   4.0216804e-01   0.0000000e+00
   5.8249640e-01   3.9837399e-01   0.0000000e+00
   5.7694882e-01   3.9457995e-01   0.0000000e+00
   5.7140124e-01   3.9078590e-01   0.0000000e+00
   5.6585366e-01   3.8699186e-01   0.0000000e+00
   5.6030607e-01   3.8319784e-01   0.0000000e+00
   5.5475849e-01   3.7940380e-01   0.0000000e+00
   5.4921091e-01   3.7560976e-01   0.0000000e+00
   5.4366332e-01   3.7181571e-01   0.0000000e+00
   5.3811574e-01   3.6802167e-01   0.0000000e+00
   5.3256816e-01   3.6422765e-01   0.0000000e+00
   5.2702057e-01   3.6043361e-01   0.0000000e+00
   5.2147299e-01   3.5663956e-01   0.0000000e+00
   5.1592541e-01   3.5284552e-01   0.0000000e+00
   5.1037782e-01   3.4905151e-01   0.0000000e+00
   5.0483024e-01   3.4525746e-01   0.0000000e+00
   4.9928266e-01   3.4146342e-01   0.0000000e+00
   4.9373507e-01   3.3766937e-01   0.0000000e+00
   4.8818749e-01   3.3387533e-01   0.0000000e+00
   4.8263991e-01   3.3008131e-01   0.0000000e+00
   4.7709233e-01   3.2628727e-01   0.0000000e+00
   4.7154474e-01   3.2249323e-01   0.0000000e+00
   4.6599713e-01   3.1869918e-01   0.0000000e+00
   4.6044955e-01   3.1490514e-01   0.0000000e+00
   4.5490196e-01   3.1111112e-01   0.0000000e+00
   4.4935438e-01   3.0731708e-01   0.0000000e+00
   4.4380680e-01   3.0352303e-01   0.0000000e+00
   4.3825921e-01   2.9972899e-01   0.0000000e+00
   4.3271163e-01   2.9593498e-01   0.0000000e+00
   4.2716405e-01   2.9214093e-01   0.0000000e+00
   4.2161646e-01   2.8834689e-01   0.0000000e+00
   4.1606888e-01   2.8455284e-01   0.0000000e+00
   4.1052130e-01   2.8075880e-01   0.0000000e+00
   4.0497372e-01   2.7696478e-01   0.0000000e+00
   3.9942613e-01   2.7317074e-01   0.0000000e+00
   3.9387855e-01   2.6937670e-01   0.0000000e+00
   3.8833097e-01   2.6558265e-01   0.0000000e+00
   3.8278335e-01   2.6178861e-01   0.0000000e+00
   3.7723577e-01   2.5799459e-01   0.0000000e+00
   3.7168819e-01   2.5420055e-01   0.0000000e+00
   3.6614060e-01   2.5040650e-01   0.0000000e+00
   3.6059302e-01   2.4661247e-01   0.0000000e+00
   3.5504544e-01   2.4281843e-01   0.0000000e+00
   3.4949785e-01   2.3902439e-01   0.0000000e+00
   3.4395027e-01   2.3523036e-01   0.0000000e+00
   3.3840269e-01   2.3143631e-01   0.0000000e+00
   3.3285511e-01   2.2764228e-01   0.0000000e+00
   3.2730752e-01   2.2384824e-01   0.0000000e+00
   3.2175994e-01   2.2005419e-01   0.0000000e+00
   3.1621236e-01   2.1626016e-01   0.0000000e+00
   3.1066477e-01   2.1246612e-01   0.0000000e+00
   3.0511719e-01   2.0867209e-01   0.0000000e+00
   2.9956961e-01   2.0487805e-01   0.0000000e+00
   2.9402199e-01   2.0108402e-01   0.0000000e+00
   2.8847441e-01   1.9728997e-01   0.0000000e+00
   2.8292683e-01   1.9349593e-01   0.0000000e+00
   2.7737924e-01   1.8970190e-01   0.0000000e+00
   2.7183166e-01   1.8590786e-01   0.0000000e+00
   2.6628408e-01   1.8211383e-01   0.0000000e+00
   2.6073650e-01   1.7831978e-01   0.0000000e+00
   2.5518891e-01   1.7452575e-01   0.0000000e+00
   2.4964133e-01   1.7073171e-01   0.0000000e+00
   2.4409375e-01   1.6693766e-01   0.0000000e+00
   2.3854616e-01   1.6314363e-01   0.0000000e+00
   2.3299856e-01   1.5934959e-01   0.0000000e+00
   2.2745098e-01   1.5555556e-01   0.0000000e+00
   2.2190340e-01   1.5176152e-01   0.0000000e+00
   2.1635582e-01   1.4796749e-01   0.0000000e+00
   2.1080823e-01   1.4417344e-01   0.0000000e+00
   2.0526065e-01   1.4037940e-01   0.0000000e+00
   1.9971307e-01   1.3658537e-01   0.0000000e+00
   1.9416548e-01   1.3279133e-01   0.0000000e+00
   1.8861789e-01   1.2899730e-01   0.0000000e+00
   1.8307030e-01   1.2520325e-01   0.0000000e+00
   1.7752272e-01   1.2140922e-01   0.0000000e+00
   1.7197514e-01   1.1761518e-01   0.0000000e+00
   1.6642755e-01   1.1382114e-01   0.0000000e+00
   1.6087997e-01   1.1002710e-01   0.0000000e+00
   1.5533239e-01   1.0623306e-01   0.0000000e+00
   1.4978480e-01   1.0243902e-01   0.0000000e+00
   1.4423721e-01   9.8644987e-02   0.0000000e+00
   1.3868962e-01   9.4850950e-02   0.0000000e+00
   1.3314204e-01   9.1056913e-02   0.0000000e+00
   1.2759446e-01   8.7262876e-02   0.0000000e+00
   1.2204687e-01   8.3468832e-02   0.0000000e+00
   1.1649928e-01   7.9674795e-02   0.0000000e+00
   1.1095170e-01   7.5880758e-02   0.0000000e+00
   1.0540412e-01   7.2086722e-02   0.0000000e+00
   9.9856533e-02   6.8292685e-02   0.0000000e+00
   9.4308943e-02   6.4498648e-02   0.0000000e+00
   8.8761359e-02   6.0704608e-02   0.0000000e+00
   8.3213776e-02   5.6910571e-02   0.0000000e+00
   7.7666193e-02   5.3116530e-02   0.0000000e+00
   7.2118603e-02   4.9322493e-02   0.0000000e+00
   6.6571020e-02   4.5528457e-02   0.0000000e+00
   6.1023436e-02   4.1734416e-02   0.0000000e+00
   5.5475850e-02   3.7940379e-02   0.0000000e+00
   4.9928267e-02   3.4146342e-02   0.0000000e+00
   4.4380680e-02   3.0352304e-02   0.0000000e+00
   3.8833097e-02   2.6558265e-02   0.0000000e+00
   3.3285510e-02   2.2764228e-02   0.0000000e+00
   2.7737925e-02   1.8970190e-02   0.0000000e+00
   2.2190340e-02   1.5176152e-02   0.0000000e+00
   1.6642755e-02   1.1382114e-02   0.0000000e+00
   1.1095170e-02   7.5880759e-03   0.0000000e+00
   5.5475850e-03   3.7940380e-03   0.0000000e+00
   0.0000000e+00   0.0000000e+00   0.0000000e+00
